$ANSIBLE_VAULT;1.1;AES256
62356564383430383634346364316435646465653937323438636263363933323734663464343065
6139313562396538653630633232336136623737356432620a396334366232366130303139643238
30633134636666626239336334393332613862383732346362336236633161633638623030373237
3562306230393338640a363932303136663437626135386562336538656137636361343166363932
34376232396163313662613538356138613632386263343065373030626136323338626263633134
37356131376637393262306538613930356634393931613765623731383333356239376463396434
63613936623237643236373335376538366631356261366266356361343866663433646336366364
64626539656239613263616163306334373932633737346437316637313136346630323038653365
37383733396161623039396462333838383237306331656536646266636263356631343734623932
32643130666464623461393364323933646238616339316538626165326238663265646634386561
36303039313533636237633938306639626635336233666362316331386233376361646535656130
64303130643565363734
