$ANSIBLE_VAULT;1.1;AES256
35373831383031643462623931303865366536643130616633373662613366666236343230633033
6366653465323263633835643661346533623638353031330a616337653265376661363134383537
62313132333133666435363563663033383138383935376237303962623831323966333830316330
6266316565653239620a623832613432393763613931613435613661623862393634613866346439
66353266643064656365613966316539616665623032326132323661356338336661613435363335
63343534383030643363656234376436616362623065333835666633343331323733353031363066
63383634313364363231646666333530366135666333373561633635633866353933333338633466
35636266353034663235366338346366333231633665326661323061633862623563326462366236
65356132346334343531663036656232383035366239356136383163383230343661313739333230
36616662326263343262663866656265383734626530643362613964363634373464663936303031
38343964396266303135376435373931343137333664613939653432316363613532313639306633
61313932313566366338373034323635303938343362616665366233663132613333643963313034
38666261636561633766323439643638333461383431643861326237643332353639663636376138
31353831333234346136363234666130303235376331643730633165373165396231626561363131
36326433323834386438303433333463636339313162333564346631653364386532643432373038
33623662343030633433356535323535663335653636383031316334626563616462626362376230
39366161393235306163343037373833316639393136323737396462346161613564653965306139
32376334373332366431656463393930653666303437643839646661616666636264306234353131
32333632326437306566386631633536646664343361633531353033323136363633383939326136
36643730616330646438623866313938343539633639613737346161386363393364346230646433
36653562393838393533326265346432653765313464653937323035323433353137343638356630
33326637656233633865323735396162646434663262623365343735336332636636653139343961
30663662363930316333393332323965356365336366383631396135623264363537373939633937
65616136356465653630353139613935626536653065343837343662353336363339613237323033
33376533643337333830306338386362386233303230646666326238376138353530636465333934
31646136633836333931343062356637613862393966303932323466353734336666336662363731
61373966356339343832396262343735356464626535383661333961646234653365623963636166
64323538393633643633353731666430333665636666353933663538353637656163396561323837
61636263356462616534386432653031373863633261373566306334313435316432
